Epoch -> 0 Loss -> 30664.234085083008
Epoch -> 1 Loss -> 15780.8190574646
Epoch -> 2 Loss -> 13113.114135742188
Epoch -> 3 Loss -> 11844.070392608643
Epoch -> 4 Loss -> 10779.678539276123
Epoch -> 5 Loss -> 10073.231372833252
              precision    recall  f1-score   support

           0       0.83      0.59      0.69        51
           1       1.00      0.06      0.11       116
           2       0.54      0.28      0.37        72
           3       0.27      0.45      0.33        29
           4       0.00      0.00      0.00        12
           5       0.74      0.84      0.78       986
           6       1.00      0.94      0.97       509
           7       0.10      0.07      0.08        70
           8       0.00      0.00      0.00        38
           9       0.76      0.81      0.78       581
          10       0.88      0.86      0.87       192
          11       0.77      0.89      0.83        92
          12       0.50      0.68      0.58       142

    accuracy                           0.76      2890
   macro avg       0.57      0.50      0.49      2890
weighted avg       0.76      0.76      0.74      2890
