              precision    recall  f1-score   support

           0       0.68      0.51      0.58        51
           1       0.83      0.04      0.08       116
           2       0.00      0.00      0.00        72
           3       0.54      0.52      0.53        29
           4       0.00      0.00      0.00        12
           5       0.52      0.83      0.64       986
           6       0.71      0.53      0.61       509
           7       0.14      0.10      0.12        70
           8       0.00      0.00      0.00        38
           9       0.59      0.50      0.54       581
          10       0.79      0.59      0.68       192
          11       0.60      0.67      0.64        92
          12       0.47      0.22      0.30       142

    accuracy                           0.57      2890
   macro avg       0.45      0.35      0.36      2890
weighted avg       0.57      0.57      0.54      2890
